name: forcuda
channels:
  - conda-forge
  - defaults
dependencies:
  - asttokens=2.4.1=pyhd8ed1ab_0
  - bzip2=1.0.8=hcfcfb64_5
  - ca-certificates=2024.2.2=h56e8100_0
  - colorama=0.4.6=pyhd8ed1ab_0
  - comm=0.2.1=pyhd8ed1ab_0
  - debugpy=1.8.1=py312h53d5487_0
  - decorator=5.1.1=pyhd8ed1ab_0
  - exceptiongroup=1.2.0=pyhd8ed1ab_2
  - executing=2.0.1=pyhd8ed1ab_0
  - importlib-metadata=7.0.1=pyha770c72_0
  - importlib_metadata=7.0.1=hd8ed1ab_0
  - ipykernel=6.29.3=pyha63f2e9_0
  - ipython=8.22.1=pyh7428d3b_0
  - jedi=0.19.1=pyhd8ed1ab_0
  - jupyter_client=8.6.0=pyhd8ed1ab_0
  - jupyter_core=5.7.1=py312h2e8e312_0
  - libexpat=2.5.0=h63175ca_1
  - libffi=3.4.2=h8ffe710_5
  - libsodium=1.0.18=h8d14728_1
  - libsqlite=3.45.1=hcfcfb64_0
  - libzlib=1.2.13=hcfcfb64_5
  - matplotlib-inline=0.1.6=pyhd8ed1ab_0
  - nest-asyncio=1.6.0=pyhd8ed1ab_0
  - openssl=3.2.1=hcfcfb64_0
  - packaging=23.2=pyhd8ed1ab_0
  - parso=0.8.3=pyhd8ed1ab_0
  - pickleshare=0.7.5=py_1003
  - pip=24.0=pyhd8ed1ab_0
  - platformdirs=4.2.0=pyhd8ed1ab_0
  - prompt-toolkit=3.0.42=pyha770c72_0
  - psutil=5.9.8=py312he70551f_0
  - pure_eval=0.2.2=pyhd8ed1ab_0
  - pygments=2.17.2=pyhd8ed1ab_0
  - python=3.12.2=h2628c8c_0_cpython
  - python-dateutil=2.9.0=pyhd8ed1ab_0
  - python_abi=3.12=4_cp312
  - pywin32=306=py312h53d5487_2
  - pyzmq=25.1.2=py312h1ac6f91_0
  - setuptools=69.1.1=pyhd8ed1ab_0
  - six=1.16.0=pyh6c4a22f_0
  - stack_data=0.6.2=pyhd8ed1ab_0
  - tk=8.6.13=h5226925_1
  - tornado=6.4=py312he70551f_0
  - traitlets=5.14.1=pyhd8ed1ab_0
  - typing_extensions=4.10.0=pyha770c72_0
  - tzdata=2024a=h0c530f3_0
  - ucrt=10.0.22621.0=h57928b3_0
  - vc=14.3=hcf57466_18
  - vc14_runtime=14.38.33130=h82b7239_18
  - vs2015_runtime=14.38.33130=hcb4865c_18
  - wcwidth=0.2.13=pyhd8ed1ab_0
  - wheel=0.42.0=pyhd8ed1ab_0
  - xz=5.2.6=h8d14728_0
  - zeromq=4.3.5=h63175ca_1
  - zipp=3.17.0=pyhd8ed1ab_0
  - pip:
    - absl-py==2.1.0
    - appdirs==1.4.4
    - astunparse==1.6.3
    - certifi==2024.2.2
    - charset-normalizer==3.3.2
    - click==8.1.7
    - contourpy==1.2.0
    - cycler==0.12.1
    - dm-tree==0.1.8
    - docker-pycreds==0.4.0
    - filelock==3.9.0
    - flatbuffers==23.5.26
    - fonttools==4.49.0
    - fsspec==2023.4.0
    - gast==0.5.4
    - gitdb==4.0.11
    - gitpython==3.1.42
    - google-pasta==0.2.0
    - grpcio==1.62.0
    - h5py==3.10.0
    - idna==3.6
    - jinja2==3.1.2
    - keras==3.0.5
    - kiwisolver==1.4.5
    - libclang==16.0.6
    - markdown==3.5.2
    - markdown-it-py==3.0.0
    - markupsafe==2.1.3
    - matplotlib==3.8.3
    - mdurl==0.1.2
    - ml-dtypes==0.3.2
    - mpmath==1.3.0
    - namex==0.0.7
    - networkx==3.2.1
    - numpy==1.26.3
    - opencv-python==4.9.0.80
    - opt-einsum==3.3.0
    - pillow==10.2.0
    - protobuf==4.25.3
    - pulp==2.8.0
    - pyparsing==3.1.1
    - pyyaml==6.0.1
    - requests==2.31.0
    - rich==13.7.1
    - scipy==1.12.0
    - sentry-sdk==1.42.0
    - setproctitle==1.3.3
    - smmap==5.0.1
    - sympy==1.12
    - tensorboard==2.16.2
    - tensorboard-data-server==0.7.2
    - tensorflow==2.16.0rc0
    - tensorflow-intel==2.16.0rc0
    - termcolor==2.4.0
    - torch==2.2.1+cu118
    - torchaudio==2.2.1+cu118
    - torchvision==0.17.1+cu118
    - tqdm==4.66.2
    - urllib3==2.2.1
    - wandb==0.16.4
    - werkzeug==3.0.1
    - wrapt==1.16.0
prefix: C:\Users\saivi\anaconda3\envs\forcuda
